============================== SRIM-2013.00 ==============================
==============================================================================
===== TRIMOUT.txt: File of Transmitted / Backscattered / Sputtered Atoms =====
=  This file tabulates the kinetics of ions or atoms leaving the target.     =
=  Column #1: S= Sputtered Atom, B= Backscattered Ion, T= Transmitted Ion.   =
=  Col.#2: Ion Number, Col.#3: Z of atom leaving, Col.#4: Atom energy (eV).  =
=  Col.#5-7: Last location:  X= Depth into target, Y,Z= Transverse axes.     =
=  Col.#8-10: Cosines of final trajectory.                                   =
= *** This data file is in the same format as TRIM.DAT (see manual for uses).=
====== TRIM Calc.=  H(50 MeV) ==> None+None(  1 mm) ==========================
 Ion  Atom   Energy        Depth       Lateral-Position        Atom Direction      
 Numb Numb    (eV)          X(A)        Y(A)       Z(A)      Cos(X)  Cos(Y) Cos(Z) 
T  869  1 ,3399532E+08   1000000E+01  ,2789E+05 -,1929E+06   ,9996529  ,0097507 -,0244732
T  870  1 ,4070865E+08   1000000E+01 -,3468E+06  ,1777E+06   ,9987634 -,0314083  ,0385387
T  871  1 ,4162530E+08   1000000E+01 -,2543E+05 -,5947E+05   ,9999874  ,0044182 -,0023839
T  872  1 ,4117000E+08   1000000E+01 -,2455E+05  ,1724E+05   ,9997395  ,0163325  ,0159454
T  873  1 ,4033216E+08   1000000E+01  ,2275E+05  ,1648E+05   ,9999295 -,0010512  ,0118294
T  874  1 ,4086604E+08   1000000E+01  ,3594E+06 -,1982E+06   ,9966287  ,0740084 -,0354127
T  875  1 ,4027215E+08   1000000E+01 -,1824E+06 -,1744E+06   ,9970585 -,0577258 -,0504187
T  876  1 ,4063113E+08   1000000E+01  ,9275E+05  ,1543E+06   ,9997922  ,0056657  ,0195802
T  877  1 ,4073293E+08   1000000E+01  ,1503E+06 -,1095E+06   ,9995682  ,0231215 -,0181342
T  878  1 ,4060186E+08   1000000E+01 -,6657E+05 -,2588E+05   ,9999325  ,0013676 -,0115414
T  879  1 ,4019112E+08   1000000E+01 -,5352E+05 -,3876E+06   ,9988294 -,0117409 -,0469249
T  880  1 ,4067432E+08   1000000E+01  ,1664E+05  ,1806E+06   ,9995664 -,0080325  ,0283289
T  881  1 ,4059575E+08   1000000E+01  ,6281E+05  ,2243E+06   ,9992178  ,0133887  ,0372098
T  882  1 ,4081514E+08   1000000E+01 -,1430E+06  ,2585E+05   ,9998017 -,0177102  ,0091091
T  883  1 ,4096521E+08   1000000E+01  ,3737E+06 -,1987E+05   ,9985520  ,0524975 -,0117443
T  884  1 ,3477791E+08   1000000E+01 -,2484E+06 -,3855E+06   ,9993968 -,0056249 -,0342701
T  885  1 ,4104012E+08   1000000E+01  ,6681E+04  ,2405E+06   ,9981818 -,0194905  ,0570364
T  886  1 ,4009173E+08   1000000E+01 -,1063E+06 -,5740E+05   ,9994386 -,0247315 -,0226026
T  887  1 ,4118957E+08   1000000E+01 -,8997E+05  ,1635E+06   ,9992139 -,0244469  ,0312086
T  888  1 ,4025441E+08   1000000E+01 -,5051E+05  ,1263E+06   ,9994415 -,0008936  ,0334047
T  889  1 ,4046241E+08   1000000E+01  ,9119E+05  ,2105E+06   ,9994486  ,0123724  ,0308130
T  890  1 ,4036123E+08   1000000E+01 -,6628E+05  ,7908E+05   ,9999518 -,0092645  ,0032444
T  891  1 ,4106429E+08   1000000E+01  ,2680E+05  ,2061E+05   ,9999346  ,0110303  ,0030366
T  892  1 ,4097060E+08   1000000E+01 -,1266E+06  ,5722E+05   ,9997446 -,0107541  ,0198791
T  893  1 ,4035392E+08   1000000E+01  ,1092E+06  ,2030E+05   ,9998348  ,0170057  ,0064153
T  894  1 ,4048036E+08   1000000E+01 -,4468E+05  ,1816E+06   ,9997573 -,0011706  ,0219996
T  895  1 ,4090458E+08   1000000E+01 -,1917E+06  ,6211E+05   ,9990801 -,0371202  ,0214719
T  896  1 ,4070730E+08   1000000E+01 -,2513E+05 -,2778E+05   ,9991878 -,0311171 -,0256019
T  897  1 ,4083523E+08   1000000E+01 -,6751E+05 -,1404E+05   ,9996866  ,0211279  ,0134314
T  898  1 ,4037472E+08   1000000E+01 -,1417E+06  ,1824E+06   ,9995561 -,0181007  ,0236653
T  899  1 ,4079408E+08   1000000E+01 -,1757E+06 -,9200E+05   ,9998035 -,0169601  ,0102647
T  900  1 ,4059232E+08   1000000E+01  ,1449E+06 -,3103E+05   ,9998519  ,0166726 -,0042627
T  901  1 ,4076318E+08   1000000E+01 -,1153E+06  ,9266E+05   ,9992007 -,0169761  ,0361915
T  902  1 ,4056249E+08   1000000E+01 -,3407E+05  ,1624E+06   ,9995533 -,0077623  ,0288609
T  903  1 ,4052315E+08   1000000E+01 -,2202E+06  ,1269E+06   ,9996641 -,0231307  ,0116875
T  904  1 ,4059581E+08   1000000E+01 -,3062E+05  ,7420E+05   ,9988607 -,0476756  ,0021024
T  905  1 ,4036840E+08   1000000E+01  ,3800E+05 -,5475E+05   ,9995804  ,0288590 -,0024994
T  906  1 ,4031132E+08   1000000E+01  ,1246E+06 -,3415E+05   ,9997156  ,0210180  ,0112652
T  907  1 ,4112478E+08   1000000E+01 -,6241E+05  ,1596E+06   ,9987173 -,0187548  ,0470317
T  908  1 ,4081889E+08   1000000E+01 -,6236E+04  ,1321E+06   ,9997548  ,0084497  ,0204685
T  909  1 ,4067742E+08   1000000E+01  ,4919E+06  ,3982E+05   ,9987955  ,0483856 -,0081499
T  910  1 ,4100947E+08   1000000E+01  ,1153E+06  ,3108E+06   ,9984147  ,0249561  ,0504501
T  911  1 ,4108288E+08   1000000E+01  ,7017E+05 -,3947E+05   ,9999493  ,0032671 -,0095263
T  912  1 ,4057433E+08   1000000E+01 -,1282E+06  ,5222E+05   ,9997442 -,0154873  ,0164830
T  913  1 ,4108169E+08   1000000E+01 -,3148E+05 -,6523E+04   ,9999878 -,0014097 -,0047364
T  914  1 ,4059568E+08   1000000E+01 -,5232E+05 -,1405E+06   ,9997809 -,0055312 -,0201880
T  915  1 ,4013797E+08   1000000E+01  ,8695E+05  ,1177E+05   ,9997044  ,0166855 -,0176857
T  916  1 ,4055566E+08   1000000E+01 -,4429E+05 -,2020E+06   ,9972936  ,0168713 -,0715598
T  917  1 ,4047530E+08   1000000E+01 -,4835E+05  ,3877E+05   ,9994938 -,0069203  ,0310536
T  918  1 ,4065010E+08   1000000E+01  ,1023E+06  ,9537E+05   ,9997546  ,0141548  ,0170393
T  919  1 ,4109957E+08   1000000E+01  ,5041E+04 -,6869E+05   ,9999283 -,0089755 -,0079304
T  920  1 ,4090291E+08   1000000E+01  ,8410E+05  ,1712E+05   ,9997804  ,0208374  ,0022416
T  921  1 ,4020709E+08   1000000E+01  ,3170E+05 -,5299E+05   ,9999327  ,0072793 -,0090298
T  922  1 ,4030003E+08   1000000E+01  ,3472E+05 -,8646E+05   ,9992279 -,0164839 -,0356640
T  923  1 ,4062477E+08   1000000E+01  ,9152E+05  ,1392E+05   ,9998818  ,0134745  ,0074030
T  924  1 ,4032074E+08   1000000E+01 -,9815E+05 -,3977E+05   ,9999250 -,0063004 -,0105039
T  925  1 ,4026038E+08   1000000E+01 -,1347E+05  ,8379E+05   ,9997313  ,0191397  ,0130760
T  926  1 ,4095123E+08   1000000E+01 -,1241E+05 -,1740E+06   ,9999596  ,0079337 -,0042254
T  927  1 ,4094727E+08   1000000E+01 -,4897E+05 -,2074E+06   ,9977197  ,0040505 -,0673719
T  928  1 ,4056071E+08   1000000E+01 -,6384E+04 -,1394E+05   ,9999799  ,0062575  ,0009881
T  929  1 ,4064950E+08   1000000E+01 -,1889E+06  ,1998E+06   ,9996958 -,0242595  ,0044489
T  930  1 ,4052425E+08   1000000E+01  ,1095E+05 -,1462E+06   ,9997236  ,0069339 -,0224638
T  931  1 ,4021184E+08   1000000E+01 -,5747E+05  ,5199E+05   ,9998626 -,0137888  ,0092004
T  932  1 ,4108423E+08   1000000E+01 -,1502E+06  ,9979E+05   ,9997509 -,0222400 -,0018514
T  933  1 ,4062103E+08   1000000E+01  ,1361E+06 -,2203E+06   ,9997907  ,0087055 -,0185143
T  934  1 ,4019400E+08   1000000E+01 -,3486E+05 -,1710E+06   ,9994642 -,0218915 -,0243321
T  935  1 ,4104980E+08   1000000E+01  ,2625E+06  ,6369E+05   ,9990044  ,0445730 -,0018728
T  936  1 ,4068441E+08   1000000E+01 -,8822E+05  ,4656E+05   ,9997299 -,0229196  ,0038558
T  937  1 ,4099761E+08   1000000E+01 -,4132E+05 -,1699E+05   ,9998738 -,0047206 -,0151707
T  938  1 ,4087342E+08   1000000E+01 -,4155E+05 -,9500E+04   ,9999771 -,0002847 -,0067678
T  939  1 ,4025906E+08   1000000E+01  ,1197E+06 -,5087E+05   ,9992887  ,0367778 -,0083323
T  940  1 ,4088176E+08   1000000E+01 -,1358E+05  ,6438E+05   ,9999439  ,0021285  ,0103727
T  941  1 ,4062218E+08   1000000E+01  ,8558E+05 -,7753E+04   ,9999888  ,0002973  ,0047204
T  942  1 ,4016679E+08   1000000E+01  ,6686E+04 -,7000E+05   ,9999557 -,0014215  ,0093065
T  943  1 ,4107472E+08   1000000E+01 -,1542E+06  ,1177E+06   ,9987707 -,0211667  ,0448224
T  944  1 ,4074432E+08   1000000E+01  ,4954E+05 -,5208E+05   ,9999464 -,0095126 -,0040887
T  945  1 ,4038360E+08   1000000E+01 -,2807E+05  ,9135E+05   ,9996837 -,0069348  ,0241736
T  946  1 ,4031043E+08   1000000E+01  ,4812E+06 -,3269E+05   ,9979545  ,0618426 -,0161967
T  947  1 ,4024646E+08   1000000E+01 -,6579E+05 -,5086E+05   ,9997772 -,0188687 -,0094586
T  948  1 ,4039154E+08   1000000E+01 -,1006E+06  ,1477E+06   ,9997367 -,0068224  ,0219099
T  949  1 ,4097838E+08   1000000E+01 -,2588E+05  ,5506E+05   ,9999341  ,0087924 -,0073843
T  950  1 ,4070269E+08   1000000E+01 -,9268E+05 -,7071E+05   ,9999823 -,0047379 -,0036119
T  951  1 ,4072620E+08   1000000E+01  ,2057E+05  ,3715E+05   ,9993866  ,0347887  ,0040243
T  952  1 ,4023320E+08   1000000E+01  ,9177E+05  ,7277E+05   ,9995163  ,0302679 -,0071431
T  953  1 ,4102575E+08   1000000E+01 -,1932E+05  ,1362E+06   ,9997590  ,0080138  ,0204388
T  954  1 ,4063208E+08   1000000E+01  ,2492E+06  ,4114E+05   ,9996174  ,0275369 -,0026193
T  955  1 ,4079593E+08   1000000E+01 -,6273E+05 -,1156E+06   ,9999853  ,0029049 -,0045759
T  956  1 ,4098132E+08   1000000E+01 -,1070E+06  ,3957E+05   ,9999440 -,0104939  ,0013880
T  957  1 ,4013947E+08   1000000E+01  ,9458E+05 -,9124E+05   ,9996887  ,0172152 -,0180588
T  958  1 ,4054816E+08   1000000E+01  ,4669E+05  ,1704E+06   ,9994791  ,0020913  ,0322061
T  959  1 ,4071612E+08   1000000E+01  ,2696E+04 -,3867E+04   ,9987659  ,0087733  ,0488843
T  960  1 ,4114493E+08   1000000E+01  ,1085E+05  ,5755E+05   ,9999504 -,0092114  ,0037927
T  961  1 ,4074153E+08   1000000E+01 -,1224E+06  ,6727E+05   ,9995582 -,0294070  ,0043266
T  962  1 ,4077521E+08   1000000E+01 -,8757E+04 -,4294E+05   ,9999956 -,0002108  ,0029688
T  963  1 ,4019618E+08   1000000E+01 -,6636E+05  ,2323E+05   ,9998484 -,0156261  ,0076756
T  964  1 ,4006696E+08   1000000E+01  ,9367E+04  ,4706E+05   ,9999303 -,0019966  ,0116336
T  965  1 ,4109488E+08   1000000E+01  ,2062E+05 -,7298E+05   ,9999922 -,0009273 -,0038393
T  966  1 ,4001135E+08   1000000E+01 -,1052E+06  ,4140E+05   ,9998767 -,0147745  ,0053147
T  967  1 ,4052065E+08   1000000E+01 -,1194E+06 -,2194E+05   ,9997740 -,0212198  ,0012887
T  968  1 ,4061984E+08   1000000E+01 -,6710E+04  ,2582E+05   ,9998120  ,0024881  ,0192301
T  969  1 ,4139313E+08   1000000E+01 -,8153E+05 -,2041E+06   ,9993427 -,0134207 -,0336748
T  970  1 ,4022977E+08   1000000E+01  ,2406E+05 -,4818E+05   ,9999646  ,0044308 -,0071535
T  971  1 ,4091596E+08   1000000E+01  ,1640E+06  ,1054E+06   ,9995658  ,0245547  ,0162865
T  972  1 ,4088299E+08   1000000E+01 -,1004E+06 -,9650E+05   ,9995650 -,0241918 -,0168701
T  973  1 ,4052524E+08   1000000E+01 -,5778E+05  ,8997E+05   ,9997207 -,0210492  ,0107469
T  974  1 ,4054266E+08   1000000E+01 -,7204E+05  ,4251E+05   ,9996106 -,0200514  ,0194051
T  975  1 ,4103647E+08   1000000E+01 -,6434E+05 -,8477E+03   ,9997699 -,0214243 -,0010767
T  976  1 ,4032155E+08   1000000E+01  ,1855E+05  ,4967E+05   ,9999567  ,0085986  ,0035521
T  977  1 ,4069332E+08   1000000E+01 -,1331E+05 -,1592E+06   ,9997765  ,0102515 -,0184913
T  978  1 ,4046197E+08   1000000E+01  ,1654E+06  ,6099E+05   ,9998816  ,0088262  ,0126031
T  979  1 ,4124223E+08   1000000E+01  ,6414E+05 -,8240E+05   ,9997049  ,0164010 -,0179171
T  980  1 ,4078268E+08   1000000E+01  ,6837E+05  ,2367E+05   ,9996865  ,0245896 -,0047171
T  981  1 ,4105205E+08   1000000E+01  ,2019E+05  ,5053E+05   ,9999953  ,0014276  ,0026956
T  982  1 ,4069418E+08   1000000E+01  ,1461E+06  ,1030E+06   ,9998007  ,0180461  ,0085409
T  983  1 ,4011752E+08   1000000E+01 -,1270E+05 -,1512E+06   ,9997248  ,0042377 -,0230749
T  984  1 ,4047695E+08   1000000E+01 -,2975E+05 -,2223E+06   ,9996915  ,0010637 -,0248132
T  985  1 ,4033184E+08   1000000E+01 -,7316E+05 -,5134E+05   ,9995602  ,0009623 -,0296377
T  986  1 ,4016066E+08   1000000E+01  ,7642E+03 -,1282E+06   ,9998782  ,0024989 -,0154071
T  987  1 ,4022182E+08   1000000E+01  ,1211E+06 -,8596E+05   ,9996726  ,0230548 -,0110950
T  988  1 ,4094386E+08   1000000E+01  ,8006E+05 -,3545E+05   ,9998299 -,0057662 -,0175205
T  989  1 ,4086932E+08   1000000E+01  ,3107E+05  ,2122E+06   ,9995515 -,0013106  ,0299188
T  990  1 ,4070912E+08   1000000E+01  ,9677E+04 -,9466E+05   ,9994914 -,0042528 -,0316044
T  991  1 ,4115827E+08   1000000E+01  ,5683E+05  ,9604E+05   ,9989405  ,0272444  ,0370895
T  992  1 ,4081692E+08   1000000E+01  ,9306E+05 -,2135E+06   ,9992489  ,0172670 -,0346911
T  993  1 ,4085492E+08   1000000E+01 -,5192E+05 -,8917E+05   ,9986304 -,0419306 -,0312899
T  994  1 ,4060559E+08   1000000E+01  ,8604E+04 -,1975E+06   ,9991692 -,0049325 -,0404542
T  995  1 ,4073241E+08   1000000E+01  ,1360E+06 -,4546E+06   ,9972723  ,0107779 -,0730186
T  996  1 ,4068764E+08   1000000E+01  ,2447E+06  ,1106E+06   ,9993243  ,0297244  ,0216175
T  997  1 ,4091991E+08   1000000E+01 -,8685E+04 -,1097E+06   ,9998414  ,0061556 -,0167108
T  998  1 ,4020901E+08   1000000E+01  ,4251E+05  ,8269E+05   ,9998420  ,0148866  ,0097098
T  999  1 ,4055052E+08   1000000E+01  ,1902E+05  ,6175E+05   ,9999801 -,0048798  ,0039965
T 1000  1 ,4075825E+08   1000000E+01  ,8366E+05 -,1556E+06   ,9993894  ,0236977 -,0256766
T 1001  1 ,4082560E+08   1000000E+01 -,1215E+06  ,1862E+06   ,9960331 -,0634904  ,0623461
T 1002  1 ,4106261E+08   1000000E+01  ,2291E+06 -,1383E+06   ,9989510  ,0432037 -,0151786
T 1003  1 ,4057866E+08   1000000E+01 -,1003E+06 -,2048E+06   ,9947469  ,0896486 -,0494137
T 1004  1 ,4049554E+08   1000000E+01  ,1429E+06 -,7897E+03   ,9997506  ,0216047  ,0056513
T 1005  1 ,4098698E+08   1000000E+01 -,1148E+06 -,1359E+06   ,9995142 -,0230456 -,0209845
T 1006  1 ,4072427E+08   1000000E+01  ,1523E+06  ,5605E+05   ,9997356  ,0128937  ,0190414
T 1007  1 ,4080076E+08   1000000E+01  ,6652E+05 -,2794E+05   ,9998768  ,0151148  ,0042265
T 1008  1 ,4092295E+08   1000000E+01  ,1331E+05  ,1978E+05   ,9997145 -,0140074  ,0193559
T 1009  1 ,4115121E+08   1000000E+01 -,7670E+05  ,1281E+06   ,9995306 -,0153475  ,0265132
T 1010  1 ,4023128E+08   1000000E+01 -,9508E+05  ,1071E+06   ,9994340 -,0143909  ,0304076
T 1011  1 ,4062091E+08   1000000E+01 -,4407E+05 -,6244E+05   ,9998047 -,0096458 -,0172480
T 1012  1 ,4051804E+08   1000000E+01  ,1280E+06 -,8644E+04   ,9998556  ,0131690  ,0107411
T 1013  1 ,4070704E+08   1000000E+01 -,1302E+06 -,1053E+06   ,9995395 -,0171426 -,0250395
T 1014  1 ,4092942E+08   1000000E+01  ,2276E+06 -,2966E+06   ,9981973  ,0355077 -,0483873
T 1015  1 ,4044385E+08   1000000E+01  ,3107E+05 -,7820E+05   ,9999321  ,0111112 -,0035111
T 1016  1 ,4085746E+08   1000000E+01  ,9126E+04 -,1479E+06   ,9998272 -,0022355 -,0184527
T 1017  1 ,4047339E+08   1000000E+01  ,1545E+06 -,1648E+06   ,9992262  ,0095251 -,0381622
T 1018  1 ,4069891E+08   1000000E+01  ,1179E+05  ,4446E+04   ,9999568 -,0034959 -,0086140
T 1019  1 ,4110818E+08   1000000E+01 -,1754E+06  ,4326E+05   ,9995187 -,0243116  ,0192709
T 1020  1 ,4053398E+08   1000000E+01 -,1215E+05 -,4185E+05   ,9997715 -,0136511 -,0164478
T 1021  1 ,4069602E+08   1000000E+01 -,5522E+05 -,1018E+06   ,9998669 -,0061848 -,0150951
T 1022  1 ,4005374E+08   1000000E+01  ,1920E+06  ,1429E+06   ,9994433  ,0253762  ,0216578
T 1023  1 ,3983430E+08   1000000E+01 -,2083E+06 -,4192E+05   ,9990312 -,0428332 -,0101008
T 1024  1 ,4107858E+08   1000000E+01 -,2970E+05  ,3639E+05   ,9999623  ,0030316  ,0081367
T 1025  1 ,4067314E+08   1000000E+01  ,2281E+06  ,7685E+05   ,9976181  ,0479345  ,0496023
T 1026  1 ,4039083E+08   1000000E+01  ,1623E+06  ,1115E+06   ,9988951  ,0333201  ,0331410
T 1027  1 ,4058219E+08   1000000E+01 -,1354E+06  ,2070E+05   ,9997572 -,0194296 -,0103912
T 1028  1 ,4041729E+08   1000000E+01 -,4122E+05  ,1041E+06   ,9999300 -,0060338  ,0101795
T 1029  1 ,4143647E+08   1000000E+01 -,8501E+05 -,1251E+06   ,9991595 -,0131535 -,0388231
T 1030  1 ,4042170E+08   1000000E+01 -,1118E+06  ,1105E+06   ,9998159 -,0142972  ,0128004
T 1031  1 ,4055788E+08   1000000E+01 -,4769E+05  ,7703E+05   ,9999264 -,0120452  ,0014265
T 1032  1 ,4086958E+08   1000000E+01 -,5259E+05  ,1893E+05   ,9999517 -,0096948 -,0015883
T 1033  1 ,4003938E+08   1000000E+01 -,1217E+06 -,8036E+05   ,9994358 -,0335762 -,0007904
T 1034  1 ,4053004E+08   1000000E+01 -,2420E+06  ,7940E+05   ,9994465 -,0295180  ,0153440
T 1035  1 ,4078527E+08   1000000E+01  ,8037E+05  ,1603E+06   ,9997906  ,0084118  ,0186538
T 1036  1 ,4081015E+08   1000000E+01 -,6919E+05  ,2358E+04   ,9999994  ,0001389 -,0010492
T 1037  1 ,4071955E+08   1000000E+01 -,3719E+04 -,1230E+06   ,9998814  ,0013861 -,0153411
T 1038  1 ,4061114E+08   1000000E+01  ,1223E+05 -,2424E+04   ,9995540  ,0074599  ,0289155
T 1039  1 ,4091108E+08   1000000E+01  ,1169E+05  ,1194E+06   ,9996155  ,0135443  ,0241938
T 1040  1 ,4033272E+08   1000000E+01  ,2631E+05 -,1630E+06   ,9996869  ,0115807 -,0221814
T 1041  1 ,4044717E+08   1000000E+01 -,5573E+05  ,8634E+05   ,9999241 -,0070055  ,0101394
T 1042  1 ,4043463E+08   1000000E+01 -,6847E+04  ,1720E+06   ,9997536 -,0124012  ,0184114
T 1043  1 ,4086945E+08   1000000E+01  ,1569E+06  ,2067E+06   ,9986031  ,0417565  ,0323752
T 1044  1 ,4111558E+08   1000000E+01  ,3613E+05 -,2634E+05   ,9999579 -,0004429 -,0091601
T 1045  1 ,4122729E+08   1000000E+01  ,4507E+05 -,7729E+05   ,9999817  ,0060420  ,0003230
T 1046  1 ,4038167E+08   1000000E+01  ,4306E+05 -,9608E+04   ,9999792 -,0063956  ,0008551
T 1047  1 ,4013244E+08   1000000E+01 -,1374E+06  ,7258E+04   ,9996130 -,0129454  ,0246212
T 1048  1 ,4076270E+08   1000000E+01 -,5876E+05  ,2507E+05   ,9996195  ,0270097  ,0055929
T 1049  1 ,4049005E+08   1000000E+01  ,3381E+05 -,4651E+05   ,9996062 -,0020129 -,0279890
T 1050  1 ,4036986E+08   1000000E+01 -,1360E+05  ,9618E+05   ,9997455 -,0193690  ,0115627
T 1051  1 ,4049104E+08   1000000E+01  ,7852E+05 -,2727E+06   ,9993254  ,0143978 -,0337862
T 1052  1 ,4056270E+08   1000000E+01 -,4489E+05  ,3224E+05   ,9999140 -,0108619  ,0073488
T 1053  1 ,4059155E+08   1000000E+01 -,5112E+05 -,4270E+05   ,9998453 -,0084804 -,0154127
T 1054  1 ,4078799E+08   1000000E+01 -,1288E+06 -,2077E+05   ,9993749 -,0241981 -,0257743
T 1055  1 ,4003016E+08   1000000E+01 -,7368E+05  ,2557E+05   ,9981449 -,0261194  ,0549965
T 1056  1 ,4121184E+08   1000000E+01  ,7208E+05  ,4677E+05   ,9997680  ,0208063  ,0055724
T 1057  1 ,4067764E+08   1000000E+01 -,2843E+05  ,2556E+06   ,9996243  ,0032163  ,0272190
T 1058  1 ,4071179E+08   1000000E+01  ,6377E+05 -,1829E+06   ,9989184  ,0238884 -,0398908
T 1059  1 ,4083815E+08   1000000E+01  ,6750E+05 -,2284E+05   ,9919878  ,1147009 -,0529516
T 1060  1 ,4070661E+08   1000000E+01  ,3082E+05  ,1350E+06   ,9995553  ,0118105  ,0273808
T 1061  1 ,4042834E+08   1000000E+01 -,1683E+06  ,1455E+06   ,9992083 -,0346096  ,0196214
T 1062  1 ,4114029E+08   1000000E+01  ,5576E+05 -,1347E+06   ,9996574  ,0038296 -,0258917
T 1063  1 ,4092879E+08   1000000E+01 -,3241E+05 -,1644E+06   ,9996462 -,0184204 -,0191870
T 1064  1 ,4104256E+08   1000000E+01  ,1152E+06 -,1654E+06   ,9997316  ,0200032 -,0116860
T 1065  1 ,4088119E+08   1000000E+01 -,4944E+05  ,1337E+06   ,9998643 -,0117024  ,0115916
T 1066  1 ,4055662E+08   1000000E+01 -,1412E+06  ,1272E+06   ,9991053 -,0281302  ,0315810
T 1067  1 ,4065842E+08   1000000E+01 -,1421E+06 -,1563E+06   ,9992707 -,0221137 -,0311295
T 1068  1 ,4073929E+08   1000000E+01 -,1972E+06 -,8840E+05   ,9996586 -,0233841 -,0116541
T 1069  1 ,4009452E+08   1000000E+01  ,3039E+05  ,1244E+06   ,9997140 -,0020539  ,0238261
T 1070  1 ,4091127E+08   1000000E+01  ,1772E+06  ,1329E+06   ,9993410  ,0341872  ,0121963
T 1071  1 ,4060134E+08   1000000E+01  ,9503E+05 -,1655E+05   ,9999656  ,0076917 -,0031179
T 1072  1 ,3981182E+08   1000000E+01 -,1070E+06  ,5807E+05   ,9998800 -,0139152  ,0068141
T 1073  1 ,4090806E+08   1000000E+01 -,1746E+06 -,6066E+05   ,9996287 -,0241624 -,0125960
T 1074  1 ,4036583E+08   1000000E+01 -,1389E+05  ,1414E+06   ,9999505 -,0060614  ,0078899
T 1075  1 ,4149141E+08   1000000E+01  ,8998E+05 -,3670E+05   ,9999467 -,0075874  ,0070090
T 1076  1 ,4058346E+08   1000000E+01  ,1244E+06  ,8201E+04   ,9999278  ,0024035  ,0117725
T 1077  1 ,4114698E+08   1000000E+01 -,9575E+04  ,1715E+06   ,9992630 -,0073495  ,0376745
T 1078  1 ,4069910E+08   1000000E+01  ,1934E+04 -,5087E+04   ,9999307 -,0043024 -,0109547
T 1079  1 ,4058446E+08   1000000E+01 -,1634E+05 -,9980E+05   ,9998567 -,0094904 -,0140202
T 1080  1 ,4057231E+08   1000000E+01 -,1127E+06 -,3095E+06   ,9994234 -,0008549 -,0339445
T 1081  1 ,4075572E+08   1000000E+01 -,2085E+05  ,2495E+06   ,9989485 -,0019248  ,0458055
T 1082  1 ,4083596E+08   1000000E+01 -,1439E+04 -,2781E+05   ,9991688 -,0191442 -,0359883
T 1083  1 ,4078812E+08   1000000E+01  ,1892E+05  ,1562E+05   ,9998897 -,0072510  ,0129620
T 1084  1 ,4081350E+08   1000000E+01 -,4088E+05 -,2031E+06   ,9992477 -,0083027 -,0378835
T 1085  1 ,4113260E+08   1000000E+01  ,1828E+06  ,1521E+06   ,9988019  ,0480108 -,0094716
T 1086  1 ,4037283E+08   1000000E+01  ,6189E+04  ,3831E+05   ,9999256 -,0116063  ,0037571
T 1087  1 ,4036675E+08   1000000E+01  ,1865E+06  ,2084E+05   ,9995906  ,0285719  ,0015160
T 1088  1 ,4065444E+08   1000000E+01  ,1680E+05 -,1245E+06   ,9992182  ,0193076 -,0344989
T 1089  1 ,4083516E+08   1000000E+01  ,8198E+05 -,6676E+05   ,9998385  ,0123698 -,0130377
T 1090  1 ,4066095E+08   1000000E+01 -,7955E+05 -,1024E+06   ,9996936 -,0092939 -,0229432
T 1091  1 ,4132170E+08   1000000E+01 -,9283E+04  ,5170E+04   ,9998960 -,0127516 -,0067418
T 1092  1 ,4011097E+08   1000000E+01  ,1263E+06  ,7714E+05   ,9999877 -,0039471  ,0029976
T 1093  1 ,4028024E+08   1000000E+01  ,4276E+05 -,2521E+06   ,9988939  ,0103711 -,0458638
T 1094  1 ,4075471E+08   1000000E+01  ,3680E+05 -,1558E+05   ,9998252  ,0160310  ,0096201
T 1095  1 ,4080988E+08   1000000E+01 -,7119E+05  ,2270E+05   ,9998368  ,0139351  ,0114983
T 1096  1 ,4048073E+08   1000000E+01  ,6341E+04  ,1436E+06   ,9998013  ,0076801  ,0183925
T 1097  1 ,3996155E+08   1000000E+01 -,2184E+05 -,1580E+05   ,9998589 -,0092492  ,0140201
T 1098  1 ,4023297E+08   1000000E+01 -,9508E+05 -,6637E+05   ,9998317 -,0031289 -,0180798
T 1099  1 ,3993041E+08   1000000E+01 -,1080E+06 -,8955E+05   ,9999978 -,0013406 -,0016320
T 1100  1 ,4094736E+08   1000000E+01 -,1181E+06 -,1393E+05   ,9999272 -,0103205  ,0062589
T 1101  1 ,4059757E+08   1000000E+01  ,6764E+05  ,8287E+04   ,9999326  ,0044022 -,0107478
T 1102  1 ,4044639E+08   1000000E+01  ,1994E+05  ,2954E+05   ,9999481 -,0098525  ,0025749
T 1103  1 ,4038048E+08   1000000E+01  ,9392E+05  ,3970E+05   ,9995914  ,0113319  ,0262418
T 1104  1 ,4068319E+08   1000000E+01  ,1320E+06 -,7081E+05   ,9998312  ,0183536  ,0008997
T 1105  1 ,4062696E+08   1000000E+01 -,1577E+05 -,7981E+05   ,9995281  ,0134632 -,0276097
T 1106  1 ,4101471E+08   1000000E+01  ,1092E+05 -,1451E+06   ,9997396  ,0044677 -,0223761
T 1107  1 ,4083883E+08   1000000E+01 -,2560E+05 -,1404E+06   ,9998603 -,0061795 -,0155291
T 1108  1 ,4065776E+08   1000000E+01  ,1843E+06 -,8702E+05   ,9995978  ,0254406 -,0125322
T 1109  1 ,4040640E+08   1000000E+01 -,2358E+04  ,3995E+05   ,9999735 -,0070987 -,0016015
T 1110  1 ,4065128E+08   1000000E+01  ,1034E+06 -,3213E+05   ,9998487  ,0153072 -,0082682
T 1111  1 ,4033239E+08   1000000E+01  ,1929E+05 -,6875E+05   ,9994399 -,0278551 -,0185468
T 1112  1 ,4114379E+08   1000000E+01  ,8513E+05  ,3923E+04   ,9997191  ,0191075  ,0140195
T 1113  1 ,4057233E+08   1000000E+01  ,3115E+06 -,1178E+06   ,9964767  ,0743078 -,0388905
T 1114  1 ,4066977E+08   1000000E+01 -,3632E+04 -,1691E+05   ,9998146 -,0185381 -,0052110
T 1115  1 ,4039291E+08   1000000E+01  ,5213E+05 -,1711E+05   ,9997790  ,0194435 -,0079932
T 1116  1 ,4076039E+08   1000000E+01  ,1959E+04  ,5254E+05   ,9999870  ,0050788 -,0004137
T 1117  1 ,4095132E+08   1000000E+01 -,1412E+06  ,4497E+05   ,9995929 -,0239221 -,0155496
T 1118  1 ,4065196E+08   1000000E+01  ,2642E+06  ,1030E+06   ,9994016  ,0314655  ,0143654
T 1119  1 ,4036939E+08   1000000E+01  ,5341E+04 -,7147E+04   ,9999943 -,0033875 -,0001364
T 1120  1 ,4075802E+08   1000000E+01 -,3772E+05  ,1246E+06   ,9994832 -,0019343  ,0320861
T 1121  1 ,4083804E+08   1000000E+01 -,9679E+05 -,1249E+06   ,9996222 -,0148352 -,0231360
T 1122  1 ,4005817E+08   1000000E+01  ,1147E+06  ,8736E+04   ,9998386  ,0175495  ,0038437
T 1123  1 ,4107832E+08   1000000E+01  ,5718E+05 -,2693E+06   ,9982482  ,0122508 -,0578834
T 1124  1 ,4030139E+08   1000000E+01  ,6499E+05  ,8064E+05   ,9992320  ,0386594  ,0063849
T 1125  1 ,4055182E+08   1000000E+01  ,4804E+05  ,5551E+05   ,9998831  ,0021856  ,0151307
T 1126  1 ,4092944E+08   1000000E+01  ,1032E+06 -,1419E+06   ,9996290  ,0179558 -,0204792
T 1127  1 ,4110053E+08   1000000E+01  ,1058E+06  ,5791E+05   ,9998769  ,0155484 -,0021209
T 1128  1 ,4045229E+08   1000000E+01 -,7662E+05  ,5603E+05   ,9998649 -,0161808 -,0028781
T 1129  1 ,4052885E+08   1000000E+01  ,7259E+05 -,1172E+06   ,9998016  ,0137766 -,0143850
T 1130  1 ,4051149E+08   1000000E+01 -,1279E+06  ,1874E+06   ,9994639 -,0284938  ,0161233
T 1131  1 ,4098571E+08   1000000E+01 -,1140E+06  ,3377E+06   ,9979837 -,0290365  ,0564403
T 1132  1 ,4052880E+08   1000000E+01  ,1530E+06 -,4786E+05   ,9996127  ,0274137  ,0047801
T 1133  1 ,4029537E+08   1000000E+01 -,1156E+05 -,8018E+05   ,9998904 -,0016578 -,0147110
T 1134  1 ,4115243E+08   1000000E+01  ,5230E+05 -,1901E+06   ,9993682 -,0059087 -,0350480
T 1135  1 ,4047383E+08   1000000E+01 -,1108E+06  ,6562E+05   ,9999295 -,0027818  ,0115419
T 1136  1 ,4063900E+08   1000000E+01 -,1431E+04  ,6980E+03   ,9999938  ,0033588 -,0010915
T 1137  1 ,4059057E+08   1000000E+01  ,3716E+05 -,1557E+03   ,9996963  ,0186830  ,0160700
T 1138  1 ,4068031E+08   1000000E+01 -,1429E+06  ,6306E+05   ,9995665 -,0241570  ,0168327
T 1139  1 ,4024050E+08   1000000E+01 -,1487E+06 -,5856E+05   ,9993460 -,0334745 -,0136749
T 1140  1 ,4137931E+08   1000000E+01 -,1773E+04 -,2850E+05   ,9999999  ,0000092 -,0000245
T 1141  1 ,4045190E+08   1000000E+01 -,2772E+05  ,3786E+05   ,9999904 -,0003699 -,0043640
T 1142  1 ,4052092E+08   1000000E+01 -,1548E+06  ,1853E+05   ,9998669 -,0139957 -,0083824
T 1143  1 ,4077544E+08   1000000E+01  ,5838E+05  ,4854E+05   ,9998884  ,0116406  ,0093643
T 1144  1 ,4083548E+08   1000000E+01 -,4701E+05 -,1469E+05   ,9999448 -,0023617 -,0102378
T 1145  1 ,4071686E+08   1000000E+01  ,2093E+06 -,4628E+05   ,9997082  ,0228643  ,0077937
T 1146  1 ,4056716E+08   1000000E+01  ,5075E+05 -,1499E+06   ,9992545  ,0146720 -,0357093
T 1147  1 ,4078270E+08   1000000E+01 -,2611E+05  ,7413E+05   ,9991864  ,0004034  ,0403293
T 1148  1 ,4119556E+08   1000000E+01 -,8870E+05 -,7888E+05   ,9998759 -,0038167 -,0152870
T 1149  1 ,4114519E+08   1000000E+01 -,3898E+05  ,1391E+06   ,9999329 -,0106672  ,0045251
T 1150  1 ,4061484E+08   1000000E+01 -,1536E+05  ,9667E+05   ,9996481 -,0010903  ,0265062
T 1151  1 ,3998866E+08   1000000E+01 -,1190E+07  ,6954E+06   ,9875569 -,1359332  ,0790792
T 1152  1 ,4042183E+08   1000000E+01  ,5643E+05 -,7167E+05   ,9999479  ,0059991 -,0082531
T 1153  1 ,4072851E+08   1000000E+01  ,6139E+04  ,7592E+04   ,9999783 -,0030629  ,0058362
T 1154  1 ,4051519E+08   1000000E+01 -,2536E+05 -,6966E+05   ,9998915 -,0035456 -,0142980
T 1155  1 ,4088967E+08   1000000E+01 -,4798E+05 -,1006E+06   ,9998099 -,0056093 -,0186725
T 1156  1 ,4048348E+08   1000000E+01  ,1013E+06 -,1132E+05   ,9998030  ,0151551 -,0128201
T 1157  1 ,4042121E+08   1000000E+01  ,1814E+06  ,1414E+06   ,9981416  ,0331928  ,0511041
T 1158  1 ,4070569E+08   1000000E+01 -,6800E+04 -,8368E+05   ,9999190 -,0070151 -,0106226
T 1159  1 ,4037624E+08   1000000E+01 -,7172E+05  ,1630E+06   ,9989679 -,0167675  ,0422146
T 1160  1 ,4024240E+08   1000000E+01  ,1372E+06  ,1070E+06   ,9994849  ,0311904  ,0075507
T 1161  1 ,4069384E+08   1000000E+01  ,2005E+06 -,1791E+05   ,9997717  ,0204948  ,0060463
T 1162  1 ,4024467E+08   1000000E+01 -,1044E+06  ,3532E+05   ,9996803 -,0209865  ,0141012
T 1163  1 ,4082413E+08   1000000E+01 -,5485E+05  ,2954E+05   ,9998639 -,0153654 -,0060031
T 1164  1 ,4041155E+08   1000000E+01 -,6199E+05  ,4215E+05   ,9999850  ,0020544  ,0050714
T 1165  1 ,4062164E+08   1000000E+01  ,5040E+05  ,3420E+05   ,9996868 -,0037499  ,0247429
T 1166  1 ,4036894E+08   1000000E+01 -,7366E+05  ,1367E+06   ,9992733 -,0115919  ,0363098
T 1167  1 ,4115498E+08   1000000E+01 -,1209E+06  ,2843E+05   ,9997843 -,0086050  ,0189037
T 1168  1 ,4069901E+08   1000000E+01 -,3882E+04  ,5679E+05   ,9999231 -,0044883  ,0115620
T 1169  1 ,4069513E+08   1000000E+01 -,8053E+05 -,4572E+05   ,9998049 -,0192408  ,0044620
T 1170  1 ,4051647E+08   1000000E+01 -,1968E+06 -,2558E+05   ,9968209 -,0773457 -,0191249
T 1171  1 ,4052834E+08   1000000E+01 -,3584E+05 -,2318E+06   ,9993439 -,0145575 -,0331649
T 1172  1 ,4097683E+08   1000000E+01 -,5566E+05  ,3219E+06   ,9992899  ,0157093  ,0342474
T 1173  1 ,4006784E+08   1000000E+01  ,6926E+05 -,4606E+06   ,9978414 -,0020385 -,0656380
T 1174  1 ,4062888E+08   1000000E+01  ,1454E+05 -,5902E+05   ,9998927 -,0074217 -,0126331
T 1175  1 ,4074312E+08   1000000E+01 -,2170E+05  ,7623E+05   ,9996968 -,0128092  ,0210289
T 1176  1 ,4091589E+08   1000000E+01 -,9571E+05 -,3353E+05   ,9998272 -,0106218 -,0152535
T 1177  1 ,4067243E+08   1000000E+01 -,4373E+04 -,1373E+06   ,9994137 -,0054886 -,0337944
T 1178  1 ,4059557E+08   1000000E+01  ,8350E+05 -,9662E+05   ,9988344  ,0467413 -,0120452
T 1179  1 ,4044701E+08   1000000E+01 -,2567E+06  ,3316E+05   ,9994173 -,0334729 -,0066848
T 1180  1 ,4030102E+08   1000000E+01  ,3559E+05  ,8732E+05   ,9997564  ,0165170  ,0146391
T 1181  1 ,4048956E+08   1000000E+01 -,6820E+04  ,1027E+06   ,9999333  ,0035608  ,0109892
T 1182  1 ,4088669E+08   1000000E+01 -,9790E+05 -,2417E+05   ,9994092 -,0306783  ,0154937
T 1183  1 ,4057438E+08   1000000E+01  ,5071E+05 -,5720E+05   ,9999836  ,0056170 -,0010728
T 1184  1 ,4069837E+08   1000000E+01  ,1294E+06 -,1648E+05   ,9998627  ,0142108 -,0085220
T 1185  1 ,4065087E+08   1000000E+01  ,2506E+05 -,4931E+05   ,9997698 -,0007280 -,0214418
T 1186  1 ,4071386E+08   1000000E+01  ,6332E+05  ,4832E+05   ,9995954  ,0281309 -,0042070
T 1187  1 ,4068136E+08   1000000E+01 -,1008E+06 -,4192E+05   ,9999496 -,0098633 -,0018693
T 1188  1 ,4080910E+08   1000000E+01 -,1489E+05  ,1247E+06   ,9994818  ,0011814  ,0321685
T 1189  1 ,4064704E+08   1000000E+01 -,3988E+06  ,4913E+06   ,9918408 -,0791399  ,0999438
T 1190  1 ,4116299E+08   1000000E+01  ,1949E+06 -,3386E+05   ,9993125  ,0366090 -,0058654
T 1191  1 ,4064183E+08   1000000E+01 -,4734E+05  ,1807E+06   ,9996499 -,0150381  ,0217713
T 1192  1 ,4046682E+08   1000000E+01  ,4852E+05  ,1593E+05   ,9998145  ,0135806  ,0136550
T 1193  1 ,4085329E+08   1000000E+01 -,7594E+04 -,1054E+06   ,9999817  ,0047486 -,0037540
T 1194  1 ,4088168E+08   1000000E+01  ,3106E+05 -,5959E+05   ,9998079 -,0191940  ,0039756
T 1195  1 ,4062746E+08   1000000E+01  ,3393E+06 -,8087E+05   ,9973327  ,0720095 -,0119188
T 1196  1 ,4058232E+08   1000000E+01 -,3058E+05 -,7025E+05   ,9999095 -,0072524 -,0113268
T 1197  1 ,4065498E+08   1000000E+01 -,6497E+05 -,1491E+06   ,9998997 -,0082427 -,0115132
T 1198  1 ,4065018E+08   1000000E+01 -,1556E+06  ,2466E+05   ,9992329 -,0381575 -,0088103
T 1199  1 ,4101564E+08   1000000E+01 -,7289E+06 -,5483E+06   ,9946597 -,0820707 -,0625826
T 1200  1 ,4051800E+08   1000000E+01  ,3209E+06 -,3734E+05   ,9989303  ,0450855 -,0102780
T 1201  1 ,3999790E+08   1000000E+01 -,5423E+05 -,1305E+05   ,9994273 -,0128601 -,0313006
T 1202  1 ,4026700E+08   1000000E+01  ,1840E+05 -,1856E+05   ,9999111  ,0018295 -,0132090
T 1203  1 ,4110807E+08   1000000E+01  ,9905E+05 -,2837E+06   ,9988989  ,0222030 -,0413270
T 1204  1 ,4076499E+08   1000000E+01 -,8827E+05  ,4610E+05   ,9999355 -,0106674  ,0038896
T 1205  1 ,4042301E+08   1000000E+01  ,8560E+05  ,1155E+05   ,9998380  ,0179963  ,0003942
T 1206  1 ,4066687E+08   1000000E+01 -,8292E+05 -,2061E+05   ,9997724 -,0184377  ,0107316
T 1207  1 ,4081164E+08   1000000E+01 -,1102E+06 -,2905E+05   ,9997543 -,0198164 -,0099303
T 1208  1 ,4041860E+08   1000000E+01 -,1526E+03 -,1105E+06   ,9996934 -,0018193 -,0246943
T 1209  1 ,4042826E+08   1000000E+01  ,8917E+05  ,1354E+05   ,9996698  ,0255305 -,0028975
T 1210  1 ,4082166E+08   1000000E+01  ,5193E+05  ,1758E+05   ,9996149  ,0173031  ,0216932
T 1211  1 ,4057662E+08   1000000E+01  ,2716E+05 -,9080E+05   ,9993551  ,0327504 -,0147212
T 1212  1 ,4043712E+08   1000000E+01  ,2533E+06  ,1874E+05   ,9994316  ,0326766  ,0082886
T 1213  1 ,4111718E+08   1000000E+01  ,2704E+06 -,1186E+06   ,9987424  ,0335468 -,0372595
T 1214  1 ,4109563E+08   1000000E+01  ,1791E+06 -,1595E+06   ,9998121  ,0113217 -,0157337
T 1215  1 ,4074253E+08   1000000E+01 -,2284E+06 -,1573E+06   ,9995323 -,0273470 -,0136850
T 1216  1 ,4040677E+08   1000000E+01 -,3886E+05 -,2552E+06   ,9980734 -,0112526 -,0610147
T 1217  1 ,4065643E+08   1000000E+01  ,8406E+05  ,1051E+06   ,9993730 -,0060160  ,0348914
T 1218  1 ,3997256E+08   1000000E+01  ,1904E+06  ,1272E+06   ,9998467  ,0161850  ,0066761
T 1219  1 ,4062645E+08   1000000E+01  ,6492E+05 -,1464E+06   ,9990999  ,0238383 -,0350861
T 1220  1 ,4063477E+08   1000000E+01 -,8412E+05 -,1470E+06   ,9992269 -,0146136 -,0364973
T 1221  1 ,4091904E+08   1000000E+01 -,1205E+06 -,1578E+06   ,9996358 -,0175608 -,0204911
T 1222  1 ,4093522E+08   1000000E+01  ,1480E+06  ,5420E+05   ,9999360  ,0092608  ,0065015
T 1223  1 ,4054348E+08   1000000E+01  ,4433E+05 -,7813E+05   ,9999340  ,0103589 -,0049689
T 1224  1 ,4085569E+08   1000000E+01 -,4547E+05  ,1389E+05   ,9999341 -,0113390 -,0018037
T 1225  1 ,4034580E+08   1000000E+01  ,2153E+05 -,5691E+05   ,9999531  ,0057345 -,0078039
T 1226  1 ,4046480E+08   1000000E+01  ,1291E+06 -,1459E+06   ,9986120  ,0408942 -,0331924
T 1227  1 ,4067065E+08   1000000E+01 -,6141E+05 -,5638E+05   ,9996022 -,0241715 -,0145292
T 1228  1 ,4081955E+08   1000000E+01 -,2191E+06 -,2578E+05   ,9993913 -,0348413 -,0017399
T 1229  1 ,4032280E+08   1000000E+01 -,1265E+06  ,5209E+05   ,9996214 -,0250949  ,0112821
T 1230  1 ,4064367E+08   1000000E+01 -,8801E+05  ,5512E+05   ,9998343 -,0107487  ,0146920
T 1231  1 ,3990312E+08   1000000E+01 -,9501E+04 -,2620E+05   ,9999387 -,0073874 -,0082424
T 1232  1 ,4052350E+08   1000000E+01 -,2373E+06 -,6474E+05   ,9987249 -,0495382 -,0097278
T 1233  1 ,4078322E+08   1000000E+01  ,9087E+05 -,9420E+05   ,9993496  ,0169846 -,0318094
T 1234  1 ,4033138E+08   1000000E+01  ,7968E+04  ,1448E+06   ,9997298 -,0121197  ,0198333
T 1235  1 ,4039518E+08   1000000E+01 -,2606E+06  ,2427E+06   ,9994333 -,0155138  ,0298747
T 1236  1 ,4020919E+08   1000000E+01 -,3355E+05 -,7555E+05   ,9999882  ,0045182  ,0018039
T 1237  1 ,4023238E+08   1000000E+01  ,5524E+04  ,8191E+05   ,9999854  ,0048600  ,0023827
T 1238  1 ,4066822E+08   1000000E+01  ,9517E+05 -,5747E+05   ,9999648  ,0078555 -,0029515
T 1239  1 ,4066078E+08   1000000E+01  ,1903E+05  ,2966E+05   ,9999852  ,0039820  ,0037069
T 1240  1 ,4009657E+08   1000000E+01  ,5210E+05  ,2863E+05   ,9995248  ,0294140 -,0092207
T 1241  1 ,4070420E+08   1000000E+01  ,5029E+05  ,1702E+06   ,9992968  ,0095352  ,0362631
T 1242  1 ,4040169E+08   1000000E+01  ,4358E+05  ,4335E+04   ,9999887  ,0026157 -,0039587
T 1243  1 ,4072597E+08   1000000E+01 -,1219E+06 -,4333E+05   ,9999639 -,0065157 -,0054549
T 1244  1 ,4066567E+08   1000000E+01  ,1529E+06 -,4401E+05   ,9997083  ,0127832 -,0204924
T 1245  1 ,4092113E+08   1000000E+01  ,1005E+06 -,2614E+06   ,9996747  ,0175048 -,0185518
T 1246  1 ,4041123E+08   1000000E+01  ,1207E+06 -,6150E+05   ,9998241  ,0125103 -,0139752
T 1247  1 ,4067691E+08   1000000E+01 -,9664E+05  ,2125E+06   ,9999731 -,0007327 -,0072922
T 1248  1 ,4045151E+08   1000000E+01  ,1048E+06  ,1001E+06   ,9999905  ,0040221 -,0016653
T 1249  1 ,4084455E+08   1000000E+01 -,1541E+05  ,5592E+05   ,9998792  ,0129785 -,0085527
T 1250  1 ,3983451E+08   1000000E+01  ,6746E+04  ,1097E+05   ,9999325  ,0103920  ,0052011
T 1251  1 ,4095923E+08   1000000E+01 -,2170E+06 -,3783E+05   ,9995047 -,0008890 -,0314564
T 1252  1 ,4011771E+08   1000000E+01  ,2675E+05  ,1724E+06   ,9997288  ,0005561  ,0232807
T 1253  1 ,4032568E+08   1000000E+01  ,2650E+06  ,3451E+06   ,9995887  ,0197125  ,0208294
T 1254  1 ,4077512E+08   1000000E+01 -,4485E+05  ,1874E+06   ,9990827 -,0048924  ,0425429
T 1255  1 ,4047447E+08   1000000E+01  ,1281E+06 -,3909E+05   ,9995357  ,0298671  ,0060286
T 1256  1 ,4065162E+08   1000000E+01  ,7853E+05 -,4353E+05   ,9991036 -,0248799 -,0342502
T 1257  1 ,4054479E+08   1000000E+01  ,1740E+05 -,9711E+05   ,9999144  ,0033851 -,0126409
T 1258  1 ,4074043E+08   1000000E+01  ,1014E+06  ,1328E+06   ,9994213  ,0263297  ,0215340
T 1259  1 ,4053439E+08   1000000E+01  ,3036E+06 -,4691E+05   ,9995207  ,0302206  ,0067163
T 1260  1 ,4116889E+08   1000000E+01 -,2552E+05  ,7902E+05   ,9997120  ,0048637  ,0234982
T 1261  1 ,4081898E+08   1000000E+01 -,6694E+05  ,1361E+06   ,9990113 -,0367407  ,0250290
T 1262  1 ,4070657E+08   1000000E+01  ,1630E+05 -,6095E+05   ,9996406  ,0255106  ,0082430
T 1263  1 ,4042312E+08   1000000E+01 -,9453E+04 -,6739E+05   ,9999700 -,0016785 -,0075656
T 1264  1 ,4064807E+08   1000000E+01 -,5366E+05 -,3090E+05   ,9999957  ,0028392 -,0006914
T 1265  1 ,4057143E+08   1000000E+01  ,9825E+05 -,8600E+05   ,9995201  ,0277644 -,0137356
T 1266  1 ,4033731E+08   1000000E+01 -,1264E+06  ,6610E+05   ,9991401 -,0332281  ,0247977
T 1267  1 ,4065213E+08   1000000E+01 -,1031E+06  ,6376E+05   ,9995313 -,0198941  ,0232675
T 1268  1 ,4044340E+08   1000000E+01  ,1105E+05 -,4821E+05   ,9999527 -,0051628  ,0082409
T 1269  1 ,4056326E+08   1000000E+01  ,1286E+06 -,2049E+06   ,9995581  ,0162711 -,0248768
T 1270  1 ,4024828E+08   1000000E+01  ,8251E+03 -,2466E+06   ,9989162  ,0116356 -,0450660
T 1271  1 ,4071506E+08   1000000E+01  ,1727E+06  ,1571E+06   ,9977740  ,0539500  ,0391964
T 1272  1 ,4073491E+08   1000000E+01 -,1616E+06  ,8488E+05   ,9991888 -,0355285  ,0189599
T 1273  1 ,4027566E+08   1000000E+01  ,2782E+06  ,7189E+06   ,9944871  ,0402357  ,0968319
T 1274  1 ,4069684E+08   1000000E+01  ,1554E+06  ,6898E+05   ,9999195  ,0008580  ,0126556
T 1275  1 ,4139505E+08   1000000E+01  ,8552E+05  ,1276E+06   ,9991679  ,0286289  ,0290492
T 1276  1 ,4091645E+08   1000000E+01  ,7706E+04 -,7079E+05   ,9998931  ,0030838 -,0142949
T 1277  1 ,4059060E+08   1000000E+01 -,6535E+04 -,4288E+05   ,9999255  ,0109328 -,0054194
T 1278  1 ,4077776E+08   1000000E+01  ,1477E+05 -,1076E+05   ,9997750 -,0189827  ,0094616
T 1279  1 ,4083703E+08   1000000E+01 -,1618E+06  ,3460E+05   ,9994553 -,0319152 -,0084027
T 1280  1 ,4086832E+08   1000000E+01 -,3359E+05  ,5514E+05   ,9999939 -,0032812  ,0012195
T 1281  1 ,4034932E+08   1000000E+01 -,1328E+06 -,1191E+06   ,9996149 -,0084375 -,0264377
T 1282  1 ,4004029E+08   1000000E+01 -,6907E+05  ,2712E+06   ,9992277  ,0007418  ,0392870
T 1283  1 ,4113937E+08   1000000E+01 -,3509E+05 -,7874E+04   ,9998308 -,0162525 -,0086161
T 1284  1 ,4102277E+08   1000000E+01  ,1662E+06 -,9012E+05   ,9997101  ,0197785 -,0137341
T 1285  1 ,4061777E+08   1000000E+01  ,1246E+06 -,6106E+05   ,9998158  ,0190212 -,0025735
T 1286  1 ,4127740E+08   1000000E+01 -,4285E+05 -,8516E+05   ,9996744 -,0243291 -,0076964
T 1287  1 ,4020025E+08   1000000E+01 -,5847E+05  ,1072E+06   ,9999651 -,0014880  ,0082270
T 1288  1 ,4043454E+08   1000000E+01 -,1015E+05 -,4504E+04   ,9999477 -,0024881  ,0099186
T 1289  1 ,4074651E+08   1000000E+01  ,5184E+05  ,1212E+06   ,9995586  ,0192138  ,0226576
T 1290  1 ,4005982E+08   1000000E+01 -,1302E+06 -,1203E+05   ,9998695 -,0131405 -,0093940
T 1291  1 ,4101197E+08   1000000E+01 -,8662E+04 -,3951E+04   ,9997367  ,0212275 -,0087081
T 1292  1 ,4051399E+08   1000000E+01 -,4616E+05 -,1031E+06   ,9997202 -,0031822 -,0234410
T 1293  1 ,4060327E+08   1000000E+01  ,4145E+05 -,5368E+05   ,9999790  ,0044776 -,0046863
T 1294  1 ,4075809E+08   1000000E+01 -,2617E+06  ,1645E+06   ,9978207 -,0563015  ,0344078
T 1295  1 ,4055832E+08   1000000E+01  ,2518E+05 -,1772E+06   ,9994337  ,0051992 -,0332446
T 1296  1 ,4000464E+08   1000000E+01  ,3267E+05 -,9131E+05   ,9998930  ,0041563 -,0140275
T 1297  1 ,4063511E+08   1000000E+01  ,1334E+06 -,5184E+05   ,9999834 -,0008860 -,0056902
T 1298  1 ,4061183E+08   1000000E+01  ,5930E+05 -,2542E+05   ,9994530  ,0329457  ,0028746
T 1299  1 ,4055974E+08   1000000E+01 -,1862E+05  ,9370E+05   ,9999356 -,0087149  ,0072753
T 1300  1 ,4071540E+08   1000000E+01  ,2562E+05 -,3458E+04   ,9996965  ,0243485 -,0037471
T 1301  1 ,4057765E+08   1000000E+01  ,1029E+06  ,8984E+05   ,9994880  ,0239482  ,0212182
T 1302  1 ,4054639E+08   1000000E+01 -,3423E+06 -,1268E+06   ,9990192 -,0403403 -,0182549
T 1303  1 ,4065298E+08   1000000E+01  ,1153E+06  ,6128E+05   ,9996166  ,0237450  ,0142448
T 1304  1 ,4097697E+08   1000000E+01 -,5846E+05  ,1086E+06   ,9997373 -,0223393  ,0051337
T 1305  1 ,4062302E+08   1000000E+01 -,1902E+06  ,6405E+05   ,9992124 -,0383597  ,0101500
T 1306  1 ,4074658E+08   1000000E+01 -,1287E+06 -,2350E+06   ,9987303 -,0241943 -,0441870
T 1307  1 ,4072563E+08   1000000E+01  ,1216E+06 -,6431E+05   ,9999557  ,0036081 -,0086948
T 1308  1 ,4011299E+08   1000000E+01  ,3456E+05  ,1352E+06   ,9994659  ,0058077  ,0321579
T 1309  1 ,4055364E+08   1000000E+01  ,2444E+05 -,6956E+05   ,9999779  ,0032246 -,0058215
T 1310  1 ,4033585E+08   1000000E+01  ,2183E+04 -,1962E+06   ,9996435  ,0019925 -,0266239
T 1311  1 ,4063304E+08   1000000E+01 -,1123E+06  ,6367E+04   ,9997249 -,0226620 -,0060486
T 1312  1 ,4084524E+08   1000000E+01 -,1029E+06 -,2700E+06   ,9991152 -,0109319 -,0406123
T 1313  1 ,4072331E+08   1000000E+01 -,2420E+06  ,7274E+05   ,9987957 -,0486157  ,0066042
T 1314  1 ,4097725E+08   1000000E+01  ,1798E+06 -,1279E+06   ,9993548  ,0289223 -,0212942
T 1315  1 ,4045989E+08   1000000E+01  ,3876E+05  ,1533E+06   ,9996207  ,0191823  ,0197598
T 1316  1 ,4100967E+08   1000000E+01 -,6036E+05 -,1336E+06   ,9999333 -,0101036  ,0055961
T 1317  1 ,4057726E+08   1000000E+01 -,1468E+06 -,1378E+06   ,9995323 -,0305719  ,0007355
T 1318  1 ,4011052E+08   1000000E+01 -,4973E+06 -,7922E+05   ,9965013 -,0701893 -,0453728
T 1319  1 ,4043628E+08   1000000E+01 -,9228E+05 -,2350E+05   ,9991206 -,0388089  ,0158734
T 1320  1 ,4015924E+08   1000000E+01  ,6971E+06  ,1080E+07   ,9893857  ,0750833  ,1244122
T 1321  1 ,4063972E+08   1000000E+01 -,3564E+05  ,8041E+05   ,9995398 -,0083345  ,0291680
T 1322  1 ,4071291E+08   1000000E+01 -,2484E+05 -,1150E+05   ,9994809  ,0218191 -,0237016
T 1323  1 ,4082565E+08   1000000E+01 -,4965E+04  ,1388E+06   ,9994459 -,0002418  ,0332852
T 1324  1 ,4032862E+08   1000000E+01 -,7021E+05 -,6244E+03   ,9998759 -,0140548 -,0071097
T 1325  1 ,4091664E+08   1000000E+01  ,1304E+06  ,9181E+05   ,9993819  ,0271351  ,0223499
T 1326  1 ,4054737E+08   1000000E+01 -,4100E+05 -,7119E+05   ,9996987 -,0081540 -,0231537
T 1327  1 ,4029372E+08   1000000E+01  ,8101E+05 -,6114E+05   ,9999192  ,0064740 -,0109391
T 1328  1 ,4099391E+08   1000000E+01 -,1270E+06 -,3003E+06   ,9990283 -,0112504 -,0426144
T 1329  1 ,4042079E+08   1000000E+01  ,3785E+05  ,2206E+06   ,9995992  ,0019836  ,0282394
T 1330  1 ,4112995E+08   1000000E+01 -,2142E+06  ,1890E+06   ,9991602 -,0361539  ,0192797
T 1331  1 ,4033126E+08   1000000E+01 -,4039E+06 -,4209E+06   ,9950214 -,0842940 -,0531689
T 1332  1 ,4129218E+08   1000000E+01 -,1038E+06  ,7996E+05   ,9993240 -,0181030  ,0319965
T 1333  1 ,4075214E+08   1000000E+01  ,1190E+06  ,1513E+06   ,9999843  ,0048414  ,0028174
T 1334  1 ,4053686E+08   1000000E+01  ,7349E+04 -,6231E+03   ,9999740  ,0043863 -,0057285
T 1335  1 ,4044597E+08   1000000E+01  ,7703E+05 -,1568E+06   ,9997110  ,0075809 -,0228119
T 1336  1 ,4044503E+08   1000000E+01  ,1589E+06 -,2187E+05   ,9991073  ,0395184 -,0149324
T 1337  1 ,4020962E+08   1000000E+01 -,9187E+05 -,2220E+05   ,9984830 -,0135342 -,0533707
T 1338  1 ,4060738E+08   1000000E+01  ,2181E+06 -,4501E+04   ,9994937  ,0298131  ,0111142
T 1339  1 ,4077320E+08   1000000E+01 -,1300E+06  ,1455E+06   ,9993959 -,0196656  ,0286535
T 1340  1 ,4023095E+08   1000000E+01 -,1386E+05 -,2624E+06   ,9990008  ,0002093 -,0446926
T 1341  1 ,4067220E+08   1000000E+01  ,6133E+05  ,1322E+05   ,9999919  ,0038049 -,0013005
T 1342  1 ,4112172E+08   1000000E+01  ,1365E+06 -,6555E+05   ,9998437  ,0124630 -,0125417
T 1343  1 ,4068808E+08   1000000E+01  ,3549E+05  ,1307E+06   ,9995656  ,0023531  ,0293775
T 1344  1 ,4028028E+08   1000000E+01  ,1389E+05  ,7502E+05   ,9997800 -,0040144 -,0205872
T 1345  1 ,4054988E+08   1000000E+01 -,1293E+06  ,1918E+06   ,9985737 -,0295719  ,0444538
T 1346  1 ,4098651E+08   1000000E+01  ,2972E+06  ,2052E+05   ,9984165  ,0561146  ,0039502
T 1347  1 ,4043157E+08   1000000E+01 -,5029E+05  ,1267E+06   ,9993312 -,0239054  ,0276721
T 1348  1 ,4022931E+08   1000000E+01 -,2493E+06  ,7617E+05   ,9988399 -,0301483  ,0375498
T 1349  1 ,4060537E+08   1000000E+01 -,1013E+06 -,1141E+06   ,9996085 -,0194515 -,0201119
T 1350  1 ,4071902E+08   1000000E+01  ,2479E+06 -,6926E+05   ,9994940  ,0305573  ,0088356
T 1351  1 ,4071655E+08   1000000E+01  ,1067E+06 -,2416E+05   ,9999898  ,0039715  ,0021697
T 1352  1 ,4057184E+08   1000000E+01  ,2288E+06  ,1413E+06   ,9986492  ,0479891  ,0199182
T 1353  1 ,4011516E+08   1000000E+01  ,3757E+05 -,2149E+05   ,9999276  ,0035104  ,0115062
T 1354  1 ,4046503E+08   1000000E+01 -,1044E+06  ,1207E+06   ,9994269 -,0138915  ,0308674
T 1355  1 ,4102970E+08   1000000E+01  ,3399E+05 -,1147E+06   ,9999087  ,0128530  ,0041656
T 1356  1 ,4058807E+08   1000000E+01 -,1311E+06 -,1297E+05   ,9995289 -,0306772  ,0009600
T 1357  1 ,3995190E+08   1000000E+01 -,8875E+05  ,2758E+05   ,9998272 -,0118280 -,0143420
T 1358  1 ,4073107E+08   1000000E+01  ,1560E+06 -,3084E+06   ,9963128  ,0182258 -,0838374
T 1359  1 ,4061524E+08   1000000E+01  ,1061E+06  ,6274E+05   ,9999810  ,0054957 -,0028001
T 1360  1 ,4049210E+08   1000000E+01 -,1122E+05  ,1069E+05   ,9999566 -,0093104 -,0001649
T 1361  1 ,4091821E+08   1000000E+01 -,2501E+06 -,9395E+05   ,9988998 -,0464241 -,0066320
T 1362  1 ,3998775E+08   1000000E+01  ,6146E+05  ,1012E+06   ,9997911  ,0096079  ,0180427
T 1363  1 ,4057150E+08   1000000E+01  ,7106E+05 -,1141E+06   ,9999873  ,0021075 -,0045834
T 1364  1 ,4071724E+08   1000000E+01  ,3758E+05  ,6499E+05   ,9999159  ,0088802  ,0094516
T 1365  1 ,4054058E+08   1000000E+01  ,4111E+05 -,1550E+06   ,9998607 -,0140668 -,0089784
T 1366  1 ,4120324E+08   1000000E+01 -,1240E+05 -,1467E+06   ,9997241  ,0010920 -,0234627
T 1367  1 ,4020104E+08   1000000E+01 -,5990E+05  ,2728E+06   ,9990011 -,0046838  ,0444397
T 1368  1 ,4116742E+08   1000000E+01  ,1764E+05  ,2741E+06   ,9991393  ,0083588  ,0406303
T 1369  1 ,4054174E+08   1000000E+01  ,1907E+04 -,6862E+05   ,9998213  ,0148362 -,0117161
T 1370  1 ,4041560E+08   1000000E+01  ,1525E+05  ,2349E+04   ,9999728  ,0069644 -,0024189
T 1371  1 ,4035859E+08   1000000E+01  ,1784E+06  ,9282E+05   ,9993959  ,0344940  ,0042389
T 1372  1 ,4027524E+08   1000000E+01 -,1144E+06 -,1194E+06   ,9993615 -,0220494 -,0281126
T 1373  1 ,4033329E+08   1000000E+01 -,3063E+05  ,4194E+04   ,9999408 -,0098866  ,0045524
T 1374  1 ,4051772E+08   1000000E+01  ,9555E+05 -,3563E+05   ,9997746  ,0164362 -,0134408
T 1375  1 ,4030150E+08   1000000E+01  ,1322E+06  ,1069E+06   ,9990533  ,0375808  ,0219129
T 1376  1 ,4084206E+08   1000000E+01  ,5901E+05 -,8686E+05   ,9997978  ,0156153 -,0126723
T 1377  1 ,4046674E+08   1000000E+01  ,1177E+06  ,1625E+06   ,9998106  ,0132131  ,0142925
T 1378  1 ,4088435E+08   1000000E+01 -,3058E+06 -,1214E+06   ,9985463 -,0465127 -,0272386
T 1379  1 ,4017082E+08   1000000E+01 -,1332E+06  ,2682E+05   ,9998156 -,0145525 -,0125319
T 1380  1 ,4065750E+08   1000000E+01  ,2457E+05  ,4199E+05   ,9987706  ,0397725 -,0295882
T 1381  1 ,4088676E+08   1000000E+01  ,2275E+05 -,1054E+06   ,9997815 -,0050442 -,0202877
T 1382  1 ,4090863E+08   1000000E+01  ,8970E+05 -,5440E+05   ,9994592  ,0181976 -,0273873
T 1383  1 ,4038877E+08   1000000E+01  ,1702E+05  ,1167E+06   ,9994836  ,0126656  ,0295313
T 1384  1 ,4051564E+08   1000000E+01 -,7393E+05 -,1065E+06   ,9997470 -,0216203 -,0061976
T 1385  1 ,4012619E+08   1000000E+01  ,1123E+06  ,7756E+05   ,9999224  ,0114930 -,0048094
T 1386  1 ,4073913E+08   1000000E+01  ,9669E+05  ,1074E+06   ,9993828  ,0245833  ,0250929
T 1387  1 ,4086050E+08   1000000E+01  ,8120E+05  ,7581E+05   ,9996162  ,0264884  ,0081117
T 1388  1 ,4051810E+08   1000000E+01  ,2207E+06  ,1824E+06   ,9988096  ,0387561  ,0296211
T 1389  1 ,4107931E+08   1000000E+01 -,8371E+05  ,1572E+06   ,9996255 -,0183915  ,0202661
T 1390  1 ,4094494E+08   1000000E+01  ,3407E+04 -,1633E+06   ,9993379  ,0166838 -,0323315
T 1391  1 ,4084938E+08   1000000E+01 -,9611E+04 -,8653E+05   ,9993094 -,0337731 -,0154954
T 1392  1 ,4075266E+08   1000000E+01  ,2388E+06  ,9378E+05   ,9993934  ,0307823  ,0162869
T 1393  1 ,4047628E+08   1000000E+01  ,6506E+05 -,1380E+06   ,9998238  ,0090954 -,0164188
T 1394  1 ,4019037E+08   1000000E+01 -,8012E+05  ,1340E+05   ,9999108  ,0024154  ,0131390
T 1395  1 ,4101206E+08   1000000E+01 -,8127E+04  ,6669E+04   ,9999888 -,0018731 -,0043473
T 1396  1 ,4025132E+08   1000000E+01 -,4267E+04 -,5417E+05   ,9999847 -,0053340 -,0014432
T 1397  1 ,4069690E+08   1000000E+01 -,4531E+05 -,2296E+06   ,9990576 -,0069112 -,0428492
T 1398  1 ,4051801E+08   1000000E+01  ,3764E+05  ,1187E+06   ,9999647  ,0034596  ,0076531
T 1399  1 ,4061848E+08   1000000E+01 -,1240E+06 -,1097E+06   ,9994915 -,0317896 -,0024772
T 1400  1 ,4054171E+08   1000000E+01 -,5128E+05 -,2644E+06   ,9991964 -,0123524 -,0381309
T 1401  1 ,4051957E+08   1000000E+01  ,2218E+05 -,1809E+05   ,9998724  ,0138789 -,0079121
T 1402  1 ,4007245E+08   1000000E+01 -,4930E+05  ,7160E+05   ,9999739 -,0066707  ,0027861
T 1403  1 ,4040368E+08   1000000E+01  ,2894E+06  ,8986E+05   ,9976293  ,0685373 -,0062051
T 1404  1 ,4033734E+08   1000000E+01 -,1320E+06 -,3842E+05   ,9997964 -,0201707  ,0005270
T 1405  1 ,4075197E+08   1000000E+01  ,1223E+06  ,6920E+05   ,9995411  ,0291860 -,0081122
T 1406  1 ,4083116E+08   1000000E+01  ,2549E+06 -,1896E+06   ,9986074  ,0398371 -,0345874
T 1407  1 ,4067055E+08   1000000E+01  ,5938E+05 -,3919E+05   ,9998807  ,0154440  ,0003066
T 1408  1 ,4065703E+08   1000000E+01  ,4956E+05  ,1040E+06   ,9999923  ,0020229  ,0033721
T 1409  1 ,4066078E+08   1000000E+01  ,2579E+06  ,2524E+05   ,9997678  ,0212155  ,0037635
T 1410  1 ,4053792E+08   1000000E+01  ,2510E+06 -,2646E+06   ,9968802  ,0415074 -,0671345
T 1411  1 ,4103116E+08   1000000E+01 -,5782E+05 -,1256E+06   ,9997504  ,0018653 -,0222655
T 1412  1 ,4093995E+08   1000000E+01  ,6298E+05  ,6872E+05   ,9998552  ,0074320  ,0153093
T 1413  1 ,4021334E+08   1000000E+01 -,2551E+05 -,6665E+05   ,9996016 -,0237517 -,0152486
T 1414  1 ,4064831E+08   1000000E+01 -,1182E+06  ,1786E+06   ,9994998 -,0180328  ,0259807
T 1415  1 ,4038707E+08   1000000E+01 -,1068E+06  ,1040E+06   ,9995785 -,0134540  ,0257260
T 1416  1 ,4072905E+08   1000000E+01 -,1540E+06 -,1416E+06   ,9993993 -,0276635 -,0208772
T 1417  1 ,4056527E+08   1000000E+01  ,7043E+05 -,1614E+06   ,9997907  ,0073012 -,0191129
T 1418  1 ,4099752E+08   1000000E+01  ,7488E+05 -,7746E+05   ,9998386  ,0113438 -,0139285
T 1419  1 ,4097956E+08   1000000E+01 -,1135E+06 -,1539E+06   ,9991119 -,0302793 -,0293016
T 1420  1 ,4077663E+08   1000000E+01  ,4826E+05  ,8611E+05   ,9997213  ,0048287  ,0231105
T 1421  1 ,4062118E+08   1000000E+01  ,6520E+05  ,1226E+06   ,9994353  ,0110516  ,0317339
T 1422  1 ,4048862E+08   1000000E+01  ,1393E+05 -,6561E+05   ,9999531 -,0029266 -,0092326
T 1423  1 ,4096659E+08   1000000E+01 -,1270E+06  ,1876E+06   ,9994394 -,0109841  ,0316264
T 1424  1 ,4053814E+08   1000000E+01  ,6459E+05 -,8010E+05   ,9998234  ,0149980 -,0113278
T 1425  1 ,4063550E+08   1000000E+01  ,1490E+06 -,1829E+05   ,9992792  ,0283340 -,0252647
T 1426  1 ,4074271E+08   1000000E+01 -,1031E+05 -,2212E+06   ,9991050 -,0087059 -,0413930
T 1427  1 ,4007655E+08   1000000E+01 -,1694E+06 -,1045E+06   ,9997240 -,0107361 -,0208947
T 1428  1 ,4005805E+08   1000000E+01 -,1256E+06 -,2063E+06   ,9996775 -,0018132 -,0253318
T 1429  1 ,4074779E+08   1000000E+01  ,3929E+05 -,1507E+06   ,9998004 -,0036638 -,0196420
T 1430  1 ,4047558E+08   1000000E+01 -,2014E+06 -,3003E+04   ,9990648 -,0418018 -,0110530
T 1431  1 ,4103545E+08   1000000E+01 -,2714E+04  ,3318E+05   ,9999101 -,0039646  ,0128116
T 1432  1 ,4096658E+08   1000000E+01 -,1329E+06  ,1061E+05   ,9999122 -,0131882 -,0012894
T 1433  1 ,4113247E+08   1000000E+01 -,1305E+06 -,7596E+04   ,9996884 -,0248515 -,0023258
T 1434  1 ,4018302E+08   1000000E+01 -,4861E+06  ,5782E+06   ,9948784 -,0532919  ,0858888
T 1435  1 ,4027565E+08   1000000E+01 -,3527E+05 -,2706E+05   ,9999698  ,0056804 -,0052964
T 1436  1 ,4048949E+08   1000000E+01  ,2855E+05 -,2761E+05   ,9998451 -,0004993 -,0175920
T 1437  1 ,4107839E+08   1000000E+01 -,1228E+06 -,1262E+05   ,9998910 -,0122002 -,0083165
T 1438  1 ,4104319E+08   1000000E+01 -,2107E+06  ,5340E+05   ,9994084 -,0343067  ,0024179
T 1439  1 ,4076106E+08   1000000E+01  ,1197E+04  ,1989E+06   ,9991227 -,0015220  ,0418512
T 1440  1 ,4012286E+08   1000000E+01  ,1113E+06 -,2758E+05   ,9994412  ,0211349 -,0258966
T 1441  1 ,4092394E+08   1000000E+01 -,2578E+05 -,7108E+05   ,9999173 -,0107934 -,0069864
T 1442  1 ,4062009E+08   1000000E+01  ,1279E+06  ,9435E+05   ,9997201  ,0136550  ,0193175
T 1443  1 ,4060395E+08   1000000E+01 -,6753E+05 -,5152E+05   ,9998537 -,0170633 -,0011659
T 1444  1 ,4034720E+08   1000000E+01  ,2122E+06 -,1953E+06   ,9983046  ,0440997 -,0379885
T 1445  1 ,4057660E+08   1000000E+01 -,1288E+06 -,1358E+06   ,9995511 -,0239491 -,0179983
T 1446  1 ,4083483E+08   1000000E+01 -,9483E+05 -,4928E+04   ,9998384 -,0179706  ,0004772
T 1447  1 ,4076378E+08   1000000E+01 -,1035E+06 -,6407E+05   ,9999354 -,0060746 -,0096043
T 1448  1 ,4083320E+08   1000000E+01 -,2757E+04 -,7597E+05   ,9999928 -,0012973 -,0035664
T 1449  1 ,4120066E+08   1000000E+01 -,1789E+06  ,1066E+06   ,9994489 -,0318181  ,0094628
T 1450  1 ,4070667E+08   1000000E+01  ,1560E+05 -,1675E+06   ,9983224  ,0230887 -,0530978
T 1451  1 ,4110122E+08   1000000E+01 -,8667E+05  ,2363E+06   ,9993000 -,0154675  ,0340630
T 1452  1 ,4099508E+08   1000000E+01  ,2130E+06  ,1915E+06   ,9997536  ,0113259  ,0190920
T 1453  1 ,4077286E+08   1000000E+01 -,5291E+05 -,1537E+06   ,9996055 -,0034925 -,0278670
T 1454  1 ,4082828E+08   1000000E+01 -,7191E+05  ,5814E+05   ,9998089 -,0042462  ,0190837
T 1455  1 ,4093702E+08   1000000E+01  ,9720E+05  ,3216E+05   ,9995951  ,0283593  ,0023381
T 1456  1 ,4066525E+08   1000000E+01 -,2726E+05 -,1045E+06   ,9997704 -,0007901 -,0214134
T 1457  1 ,4069491E+08   1000000E+01  ,4127E+06  ,2204E+06   ,9986500  ,0511260  ,0091840
T 1458  1 ,4033542E+08   1000000E+01 -,3215E+05  ,1942E+05   ,9998161  ,0182746 -,0058220
T 1459  1 ,4042243E+08   1000000E+01  ,1632E+06 -,2366E+06   ,9992288  ,0154799 -,0360844
T 1460  1 ,4038194E+08   1000000E+01 -,2008E+05 -,6776E+05   ,9999304  ,0003470 -,0117940
T 1461  1 ,4109427E+08   1000000E+01  ,1207E+06  ,8730E+05   ,9992131  ,0233995  ,0320268
T 1462  1 ,4086720E+08   1000000E+01  ,1222E+06  ,1084E+06   ,9991905  ,0234632  ,0326775
T 1463  1 ,4053529E+08   1000000E+01  ,4034E+05 -,2598E+04   ,9999744 -,0053373 -,0047558
T 1464  1 ,4077430E+08   1000000E+01 -,1633E+06 -,1121E+05   ,9997653 -,0216450  ,0009161
T 1465  1 ,4052258E+08   1000000E+01 -,2238E+06  ,4354E+05   ,9987793 -,0447208 -,0209749
T 1466  1 ,4038465E+08   1000000E+01  ,5286E+05  ,9247E+05   ,9999527  ,0056095  ,0079429
T 1467  1 ,4086497E+08   1000000E+01  ,3352E+04 -,5996E+05   ,9999397 -,0071514  ,0083325
T 1468  1 ,4041052E+08   1000000E+01 -,5365E+05  ,1037E+06   ,9997462 -,0124282  ,0187921
